5000100
0 0
303600 1
424600 2
491300 3
557500 4
596800 5
658300 6
760200 7
797900 8
875400 9
908500 10
972700 11
1035200 12
1102200 13
1174400 14
1239900 15
1357400 16
1390800 17
1442000 18
1472300 19
1511600 20
1570700 21
1613400 22
1641900 23
1707200 24
1770400 25
1833100 26
1886400 27
1930200 28
1976300 29
2012500 30
2087400 31
2116900 32
2160100 33
2226700 34
2293800 35
2366100 36
2426900 37
2452700 38
2502200 39
2538800 40
2588400 41
2618400 42
2658800 43
2707800 44
2748300 45
2828500 46
2909100 47
2984800 48
3015300 49
3071100 50
3106700 51
3205200 52
3286600 53
3332000 54
3383700 55
3407600 56
3469300 57
3513600 58
3553700 59
3664900 60
3725900 61
3777000 62
3819900 63
3874900 64
3952300 65
4014300 66
4057900 67
4117100 68
4180300 69
4211100 70
4268100 71
4352900 72
4405300 73
4456100 74
4498200 75
4544300 76
4607100 77
4643300 78
4731400 79
4785100 80
4840100 81
4924400 82
4973600 83
