5000100
0 0
245300 1
376800 2
479700 3
536800 4
695400 5
808500 6
867400 7
966400 8
1016100 9
1111600 10
1275300 11
1330600 12
1440200 13
1504600 14
1576400 15
1648800 16
1720300 17
1840000 18
1903600 19
1983500 20
2098300 21
2233400 22
2346200 23
2444500 24
2561300 25
2625600 26
2729100 27
2911600 28
2977600 29
3040200 30
3104200 31
3152700 32
3201200 33
3268100 34
3333800 35
3422400 36
3486200 37
3569000 38
3639400 39
3709500 40
3820700 41
3913500 42
4010300 43
4074600 44
4143900 45
4212200 46
4366600 47
4441200 48
4483500 49
4554200 50
4607300 51
4714500 52
4792800 53
4964600 54
