5000100
0 0
314800 1
347200 2
372800 3
403500 4
456000 5
488400 6
589300 7
636900 8
687900 9
752000 10
784300 11
806200 12
852900 13
926100 14
975200 15
1073900 16
1148400 17
1191500 18
1252600 19
1300900 20
1346400 21
1375900 22
1430500 23
1492200 24
1523100 25
1546600 26
1602000 27
1635700 28
1672500 29
1694700 30
1751400 31
1803600 32
1857000 33
1912000 34
1936600 35
1961500 36
2000700 37
2032600 38
2105800 39
2123200 40
2149300 41
2185100 42
2222100 43
2280100 44
2351000 45
2379500 46
2412100 47
2457600 48
2503900 49
2532100 50
2630200 51
2671400 52
2769800 53
2799400 54
2907300 55
2945100 56
2976900 57
3008600 58
3036900 59
3062800 60
3111800 61
3142500 62
3181600 63
3222400 64
3249400 65
3289800 66
3331100 67
3354900 68
3379600 69
3407700 70
3439600 71
3480200 72
3505900 73
3547500 74
3577000 75
3630200 76
3655200 77
3691000 78
3719100 79
3753200 80
3797000 81
3849800 82
3875500 83
3915700 84
3944800 85
3975400 86
4019200 87
4053500 88
4081900 89
4119200 90
4148200 91
4186900 92
4212800 93
4279200 94
4308200 95
4332700 96
4371200 97
4404200 98
4449700 99
4472400 100
4512000 101
4568100 102
4597500 103
4623300 104
4649000 105
4701600 106
4757300 107
4788200 108
4812900 109
4836000 110
4885600 111
4916800 112
4961500 113
4994800 114
