5000100
0 0
248500 1
363800 2
492200 3
588700 4
696100 5
791000 6
824300 7
953100 8
1084600 9
1173900 10
1245700 11
1326100 12
1415800 13
1488300 14
1602100 15
1697300 16
1741600 17
1826100 18
1932900 19
2036500 20
2139500 21
2227600 22
2272900 23
2374000 24
2487900 25
2547500 26
2592500 27
2676600 28
2775600 29
2868200 30
2947200 31
3040600 32
3144800 33
3217600 34
3276100 35
3347200 36
3455300 37
3569400 38
3717500 39
3798700 40
3918300 41
4004400 42
4098400 43
4219400 44
4286300 45
4368100 46
4461700 47
4579700 48
4636700 49
4697400 50
4779000 51
4910000 52
