5000100
0 0
346400 1
432900 2
482900 3
554300 4
608900 5
654100 6
707500 7
793500 8
876800 9
945000 10
1007000 11
1075000 12
1104900 13
1242600 14
1299900 15
1341900 16
1384700 17
1417700 18
1486800 19
1526200 20
1592300 21
1631000 22
1679300 23
1791800 24
1880800 25
1939300 26
2024300 27
2067400 28
2109000 29
2244200 30
2332300 31
2385600 32
2419600 33
2462900 34
2503800 35
2551500 36
2614600 37
2644800 38
2712700 39
2789100 40
2860000 41
2929800 42
2978500 43
3049400 44
3090800 45
3131500 46
3169800 47
3245700 48
3306400 49
3337600 50
3381300 51
3422800 52
3505400 53
3581000 54
3623100 55
3659700 56
3704600 57
3749600 58
3843800 59
3927600 60
3980600 61
4044800 62
4117000 63
4168300 64
4276300 65
4334600 66
4390400 67
4430000 68
4568200 69
4618600 70
4677900 71
4749700 72
4782000 73
4851300 74
4915400 75
4977500 76
