5000100
0 0
-338834 1
-82048.8 2
-46701.8 3
-67755.9 4
-50986.8 5
-41923.8 6
-49268.8 7
-81277.8 8
-78729.8 9
-64099.8 10
-58258.8 11
-63917.8 12
-27504.8 13
-131900 14
-54062.8 15
-38752.8 16
-39731.8 17
-30176.8 18
-64820.8 19
-36575.8 20
-61760.8 21
-35467.8 22
-44530.8 23
-106861 24
-84267.8 25
-54841.8 26
-80115.8 27
-39870.8 28
-38295.8 29
-129698 30
-83674.8 31
-49813.8 32
-31120.8 33
-39952.8 34
-37957.9 35
-44092.8 36
-59016.8 37
-27467.8 38
-64201.9 39
-72257.8 40
-66303.8 41
-65765.8 42
-45587.8 43
-66903.9 44
-37939.8 45
-37407.8 46
-34969.8 47
-71649.8 48
-57126.8 49
-28770.9 50
-40336.8 51
-38609.9 52
-77333.8 53
-71361.8 54
-39107.8 55
-33766.9 56
-41508.8 57
-41490.8 58
-89408.8 59
-79150.8 60
-49279.8 61
-60235.8 62
-67895.8 63
-47636.8 64
-102683 65
-54687.8 66
-51866.8 67
-36751.8 68
-131500 69
-46755.8 70
-55374.8 71
-67776.8 72
-29574.8 73
-64827.8 74
-60126.8 75
-58289.8 76
