5000100
0 0
-238819 1
-126669 2
-97767.8 3
-53221.8 4
-152453 5
-108207 6
-54851.8 7
-94065.8 8
-46150.8 9
-90194.8 10
-157009 11
-51509.8 12
-104376 13
-60181.8 14
-67604.8 15
-67544.8 16
-67305.8 17
-113679 18
-59549.8 19
-75455.8 20
-109477 21
-129517 22
-107460 23
-92815.8 24
-111540 25
-60317.8 26
-98711.9 27
-175874 28
-61816.9 29
-58548.8 30
-60112.8 31
-44847.8 32
-45027.8 33
-62888.9 34
-61962.8 35
-83482.8 36
-60038.8 37
-78347.8 38
-65782.8 39
-66064.8 40
-105748 41
-87521.8 42
-91797.8 43
-60009.8 44
-65330.9 45
-63990.8 46
-148306 47
-69452.8 48
-39103.9 49
-66431.8 50
-49682.9 51
-102390 52
-73754.8 53
-165167 54
