5000100
0 0
-297055 1
-115308 2
-62870.8 3
-61855.8 4
-35978.8 5
-57731.8 6
-96608.8 7
-34791.9 8
-73136.8 9
-30058.8 10
-60236.8 11
-58414.8 12
-63147.9 13
-68151.8 14
-61811.8 15
-113483 16
-30342.8 17
-47572.8 18
-27554.8 19
-36320.9 20
-55153.8 21
-39735.8 22
-26051.9 23
-61573.9 24
-59022.8 25
-58564.8 26
-49286.8 27
-40301.8 28
-42897.8 29
-33115.9 30
-70039.8 31
-26804.8 32
-40018.8 33
-61769.8 34
-62719.8 35
-68172.8 36
-56636.8 37
-23315.8 38
-46002.8 39
-33392.8 40
-46230.8 41
-27493.8 42
-37097.8 43
-45228.8 44
-37563.8 45
-75575.8 46
-76385.8 47
-71305.8 48
-27591.8 49
-51675.8 50
-32136.8 51
-93369.8 52
-76441.8 53
-42518.9 54
-48350.8 55
-21787.9 56
-57703.8 57
-40690.8 58
-36854.8 59
-105611 60
-56705.8 61
-47335.8 62
-39647.8 63
-51152.8 64
-72425.8 65
-58024.9 66
-40309.9 67
-55807.9 68
-59360.8 69
-28143.8 70
-53025.8 71
-80058.8 72
-48726.8 73
-47331.8 74
-38819.8 75
-42672.8 76
-58623.8 77
-33368.9 78
-83119.8 79
-49453.8 80
-51249.8 81
-79817.9 82
-45619.8 83
