5000100
0 0
-309038 1
-29629.8 2
-23005.9 3
-28440.9 4
-49363.8 5
-29657.8 6
-97356.8 7
-45081.9 8
-47487.8 9
-60784.8 10
-29747.9 11
-19779.9 12
-43426.8 13
-69737.8 14
-45857.8 15
-94319.8 16
-70151.8 17
-40263.9 18
-57323.8 19
-44687.8 20
-42342.8 21
-26828.8 22
-50805.8 23
-57593.8 24
-28284.8 25
-21168.8 26
-51261.8 27
-30743.8 28
-33685.9 29
-20006.9 30
-53188.8 31
-49209.9 32
-50262.9 33
-51306.8 34
-22130.8 35
-22358.8 36
-35810.8 37
-28730.8 38
-68709.8 39
-15561.9 40
-23577.8 41
-32648.8 42
-34105.8 43
-54039.8 44
-66365.8 45
-25711.8 46
-29291.8 47
-41932.8 48
-43211.9 49
-25516.8 50
-93140.8 51
-38142.8 52
-93641.8 53
-27074.8 54
-102384 55
-34952.8 56
-29136.9 57
-28692.8 58
-25878.8 59
-23352.8 60
-45462.8 61
-28198.8 62
-35970.8 63
-37450.8 64
-24420.8 65
-37006.8 66
-38535.9 67
-21424.8 68
-22363.8 69
-25479.8 70
-28974.8 71
-37475.8 72
-23127.8 73
-38509.8 74
-26834.8 75
-49562.8 76
-22587.8 77
-32900.9 78
-25460.8 79
-31107.8 80
-40571.9 81
-49540.8 82
-23382.9 83
-36782.8 84
-26456.8 85
-27585.8 86
-40696.8 87
-31249.8 88
-25554.8 89
-34240.8 90
-26635.9 91
-35371.8 92
-23278.8 93
-61954.8 94
-26092.8 95
-22074.8 96
-35570.9 97
-30486.9 98
-42054.8 99
-20354.8 100
-36264.8 101
-52487.9 102
-26527.8 103
-23289.9 104
-23155.8 105
-48798.8 106
-52005.8 107
-28211.8 108
-22172.8 109
-20676.8 110
-45775.8 111
-28493.8 112
-41253.8 113
-30579.9 114
