5000100
0 0
-242644 1
-109983 2
-123215 3
-92095.9 4
-102042 5
-89973.8 6
-30480.8 7
-123482 8
-125233 9
-84622.8 10
-67770.8 11
-76025.8 12
-85281.9 13
-68148.8 14
-108152 15
-90293.8 16
-40726.8 17
-79507.8 18
-101593 19
-98276.8 20
-98398.9 21
-83383.8 22
-42056.8 23
-95881.8 24
-108860 25
-55475.8 26
-41659.8 27
-79381.8 28
-93537.8 29
-88183.8 30
-74342.8 31
-88681.9 32
-99820.9 33
-68352.8 34
-55185.8 35
-67082.8 36
-103527 37
-108476 38
-142180 39
-76512.8 40
-114475 41
-81405.8 42
-88850.8 43
-115402 44
-63459.9 45
-76905.8 46
-88675.8 47
-113004 48
-53325.8 49
-57087.8 50
-77565.9 51
-125254 52
